=== Pairwise Mahalanobis Distance Matrix ===
        SE    CE    SO   NE2   SE2   SE3    NE    NO   NO2   NTE  NTE2   SO2   SUR   NE3   NO3
SE    0.00  3.08  5.59  2.40  1.04  2.00  1.24  2.83  5.71  2.35  3.20  2.52  3.45  2.07  3.99
CE    3.08  0.00  2.67  1.39  2.88  4.88  1.89  0.67  2.90  1.75  1.66  1.08  1.55  4.78  1.50
SO    5.59  2.67  0.00  3.40  5.29  7.28  4.40  2.81  0.84  3.72  3.06  3.20  2.64  7.07  2.07
NE2   2.40  1.39  3.40  0.00  2.28  4.09  1.38  0.95  3.58  1.55  1.68  0.83  1.55  4.02  2.12
SE2   1.04  2.88  5.29  2.28  0.00  2.22  1.21  2.65  5.41  2.16  3.12  2.46  3.28  2.22  3.89
SE3   2.00  4.88  7.28  4.09  2.22  0.00  3.06  4.61  7.37  3.88  4.83  4.29  5.14  1.48  5.68
NE    1.24  1.89  4.40  1.38  1.21  3.06  0.00  1.69  4.55  1.41  2.17  1.39  2.38  3.00  2.86
NO    2.83  0.67  2.81  0.95  2.65  4.61  1.69  0.00  2.99  1.57  1.60  0.80  1.26  4.46  1.62
NO2   5.71  2.90  0.84  3.58  5.41  7.37  4.55  2.99  0.00  3.78  3.27  3.36  2.74  7.10  2.05
NTE   2.35  1.75  3.72  1.55  2.16  3.88  1.41  1.57  3.78  0.00  1.32  1.18  1.77  3.51  2.12
NTE2  3.20  1.66  3.06  1.68  3.12  4.83  2.17  1.60  3.27  1.32  0.00  1.32  1.57  4.51  1.64
SO2   2.52  1.08  3.20  0.83  2.46  4.29  1.39  0.80  3.36  1.18  1.32  0.00  1.19  4.11  1.71
SUR   3.45  1.55  2.64  1.55  3.28  5.14  2.38  1.26  2.74  1.77  1.57  1.19  0.00  4.76  1.67
NE3   2.07  4.78  7.07  4.02  2.22  1.48  3.00  4.46  7.10  3.51  4.51  4.11  4.76  0.00  5.50
NO3   3.99  1.50  2.07  2.12  3.89  5.68  2.86  1.62  2.05  2.12  1.64  1.71  1.67  5.50  0.00

=== Selection Results ===
Top 3 Representative Stations: ('SE3', 'NO2', 'NE3')
Combined Mahalanobis Separation: 15.9513
